0000000
0000000
0000000
0000000
0000000
0000000
0000000
0000000
0000000
0000000
0001000
0001000
0001000
0001000
0001000
0001000
0000000
0001000
0000000
0000000
0010100
0010100
0010100
0000000
0000000
0000000
0000000
0000000
0000000
0000000
0100100
0100100
0111110
0100100
0010010
0111110
0010010
0010010
0000000
0000000
0011100
0101010
0001010
0011100
0101000
0101010
0101010
0011100
0001000
0000000
0000100
0101010
0011010
0001100
0010100
0101010
0101000
0010000
0000000
0000000
0001000
0010100
0010100
0001000
0101100
0010010
0010010
0101100
0000000
0000000
0001000
0001000
0001000
0000000
0000000
0000000
0000000
0000000
0000000
0000000
0010000
0001000
0000100
0000100
0000100
0000100
0000100
0000100
0001000
0010000
0000100
0001000
0010000
0010000
0010000
0010000
0010000
0010000
0001000
0000100
0001000
0011100
0001000
0010100
0000000
0000000
0000000
0000000
0000000
0000000
0000000
0000000
0001000
0001000
0111110
0001000
0001000
0000000
0000000
0000000
0000000
0000000
0000000
0000000
0000000
0000000
0000000
0001000
0001000
0001000
0000000
0000000
0000000
0000000
0000000
0011100
0000000
0000000
0000000
0000000
0000000
0000000
0000000
0000000
0000000
0000000
0000000
0001000
0000000
0000000
0010000
0010000
0001000
0001000
0001000
0001000
0000100
0000100
0000000
0000000
0011100
0100010
0100010
0101010
0100010
0100010
0100010
0011100
0000000
0000000
0001000
0001100
0001010
0001000
0001000
0001000
0001000
0001000
0000000
0000000
0011100
0100010
0100010
0100000
0010000
0001000
0000100
0111110
0000000
0000000
0011100
0100010
0100000
0011000
0100000
0100000
0100010
0011100
0000000
0000000
0010000
0011000
0010100
0010100
0010010
0111110
0010000
0010000
0000000
0000000
0111110
0000010
0000010
0011110
0100000
0100000
0100010
0011100
0000000
0000000
0011100
0100010
0000010
0011110
0100010
0100010
0100010
0011100
0000000
0000000
0111110
0100000
0010000
0001000
0001000
0000100
0000100
0000100
0000000
0000000
0011100
0100010
0100010
0011100
0100010
0100010
0100010
0011100
0000000
0000000
0011100
0100010
0100010
0100010
0111100
0100000
0100010
0011100
0000000
0000000
0000000
0000000
0001000
0000000
0000000
0000000
0000000
0001000
0000000
0000000
0000000
0000000
0000000
0001000
0000000
0000000
0000000
0001000
0001000
0001000
0000000
0000000
0110000
0001100
0000010
0001100
0110000
0000000
0000000
0000000
0000000
0000000
0000000
0111110
0000000
0111110
0000000
0000000
0000000
0000000
0000000
0000000
0000110
0011000
0100000
0011000
0000110
0000000
0000000
0000000
0011100
0100010
0100000
0010000
0001000
0001000
0000000
0001000
0000000
0000000
0011100
0100010
0110010
0101010
0111010
0000010
0000010
0011100
0000000
0000000
0001000
0010100
0010100
0010100
0010100
0111110
0100010
0100010
0000000
0000000
0011110
0100010
0100010
0011110
0100010
0100010
0100010
0011110
0000000
0000000
0011100
0100010
0000010
0000010
0000010
0000010
0100010
0011100
0000000
0000000
0001110
0010010
0100010
0100010
0100010
0100010
0010010
0001110
0000000
0000000
0111110
0000010
0000010
0111110
0000010
0000010
0000010
0111110
0000000
0000000
0111110
0000010
0000010
0011110
0000010
0000010
0000010
0000010
0000000
0000000
0011100
0100010
0000010
0000010
0111010
0100010
0100010
0011100
0000000
0000000
0100010
0100010
0100010
0111110
0100010
0100010
0100010
0100010
0000000
0000000
0011100
0001000
0001000
0001000
0001000
0001000
0001000
0011100
0000000
0000000
0100000
0100000
0100000
0100000
0100000
0100000
0100010
0011100
0000000
0000000
0100010
0010010
0001010
0000110
0001010
0010010
0010010
0100010
0000000
0000000
0000010
0000010
0000010
0000010
0000010
0000010
0000010
0111110
0000000
0000000
0100010
0110110
0110110
0101010
0100010
0100010
0100010
0100010
0000000
0000000
0100010
0100110
0100110
0101010
0101010
0110010
0110010
0100010
0000000
0000000
0011100
0100010
0100010
0100010
0100010
0100010
0100010
0011100
0000000
0000000
0011110
0100010
0100010
0100010
0011110
0000010
0000010
0000010
0000000
0000000
0011100
0100010
0100010
0100010
0100010
0100010
0101010
0011100
0100000
0000000
0011110
0100010
0100010
0100010
0011110
0010010
0010010
0100010
0000000
0000000
0011100
0100010
0000010
0001100
0010000
0100000
0100010
0011100
0000000
0000000
0111110
0001000
0001000
0001000
0001000
0001000
0001000
0001000
0000000
0000000
0100010
0100010
0100010
0100010
0100010
0100010
0100010
0011100
0000000
0000000
0100010
0100010
0100010
0010100
0010100
0010100
0001000
0001000
0000000
0000000
0100010
0100010
0101010
0101010
0101010
0110110
0010100
0010100
0000000
0000000
0100010
0010100
0010100
0001000
0001000
0010100
0010100
0100010
0000000
0000000
0100010
0100010
0010100
0010100
0001000
0001000
0001000
0001000
0000000
0000000
0111110
0100000
0010000
0001000
0001000
0000100
0000010
0111110
0000000
0000000
0011000
0001000
0001000
0001000
0001000
0001000
0001000
0001000
0001000
0011000
0000100
0000100
0001000
0001000
0001000
0001000
0010000
0010000
0000000
0000000
0001100
0001000
0001000
0001000
0001000
0001000
0001000
0001000
0001000
0001100
0001000
0010100
0010100
0100010
0000000
0000000
0000000
0000000
0000000
0000000
0000000
0000000
0000000
0000000
0000000
0000000
0000000
0000000
0000000
1111111
0000100
0001000
0000000
0000000
0000000
0000000
0000000
0000000
0000000
0000000
0000000
0000000
0011100
0100010
0111100
0100010
0110010
0101100
0000000
0000000
0000010
0000010
0011010
0100110
0100010
0100010
0100110
0011010
0000000
0000000
0000000
0000000
0011100
0100010
0000010
0000010
0100010
0011100
0000000
0000000
0100000
0100000
0101100
0110010
0100010
0100010
0110010
0101100
0000000
0000000
0000000
0000000
0011100
0100010
0111110
0000010
0100010
0011100
0000000
0000000
0110000
0001000
0111110
0001000
0001000
0001000
0001000
0001000
0000000
0000000
0000000
0000000
0101100
0110010
0100010
0100010
0110010
0101100
0100000
0011110
0000010
0000010
0011010
0100110
0100010
0100010
0100010
0100010
0000000
0000000
0001000
0000000
0001110
0001000
0001000
0001000
0001000
0001000
0000000
0000000
0001000
0000000
0001110
0001000
0001000
0001000
0001000
0001000
0001000
0000111
0000010
0000010
0010010
0001010
0000110
0001010
0010010
0100010
0000000
0000000
0001110
0001000
0001000
0001000
0001000
0001000
0001000
0001000
0000000
0000000
0000000
0000000
0011110
0101010
0101010
0101010
0101010
0101010
0000000
0000000
0000000
0000000
0011010
0100110
0100010
0100010
0100010
0100010
0000000
0000000
0000000
0000000
0011100
0100010
0100010
0100010
0100010
0011100
0000000
0000000
0000000
0000000
0011010
0100110
0100010
0100010
0100110
0011010
0000010
0000010
0000000
0000000
0101100
0110010
0100010
0100010
0110010
0101100
0100000
0100000
0000000
0000000
0011010
0100110
0000010
0000010
0000010
0000010
0000000
0000000
0000000
0000000
0011100
0100010
0001100
0010000
0100010
0011100
0000000
0000000
0000100
0000100
0011110
0000100
0000100
0000100
0000100
0011000
0000000
0000000
0000000
0000000
0100010
0100010
0100010
0100010
0110010
0101100
0000000
0000000
0000000
0000000
0100010
0100010
0010100
0010100
0010100
0001000
0000000
0000000
0000000
0000000
0101010
0101010
0101010
0110110
0010100
0010100
0000000
0000000
0000000
0000000
0100010
0010100
0001000
0001000
0010100
0100010
0000000
0000000
0000000
0000000
0100010
0100010
0010100
0010100
0001000
0001000
0001000
0000110
0000000
0000000
0111110
0010000
0001000
0000100
0000010
0111110
0000000
0000000
0011000
0001000
0001000
0001000
0000100
0000100
0001000
0001000
0001000
0011000
0001000
0001000
0001000
0001000
0001000
0001000
0001000
0001000
0001000
0001000
0001100
0001000
0001000
0001000
0010000
0010000
0001000
0001000
0001000
0001100
0000000
0000000
0000000
0101110
0110010
0000000
0000000
0000000
0000000
0000000
